236
811 165
694 965
99 820
860 488
17 58
527 827
658 60
920 566
820 662
724 69
651 869
209 847
497 884
174 407
969 916
268 368
857 891
749 949
426 915
571 424
277 215
312 63
458 83
79 337
836 468
296 259
887 983
877 143
367 975
115 226
598 825
502 745
327 246
906 734
629 749
774 84
214 634
283 444
857 347
937 291
461 902
814 431
716 609
996 947
516 136
295 897
31 561
458 506
7 878
748 733
932 944
131 593
673 830
947 414
578 13
56 944
474 941
877 956
115 786
670 413
741 37
1 739
420 860
322 499
939 751
630 917
937 412
296 846
682 689
287 123
584 99
518 639
425 29
296 263
287 379
294 546
985 98
548 783
812 127
727 13
432 336
841 181
270 875
255 292
534 402
407 151
985 201
407 944
923 763
809 631
487 461
514 33
344 314
168 680
391 911
913 535
546 943
260 827
439 579
964 919
261 920
523 35
739 773
676 134
581 455
74 584
614 214
210 133
419 966
321 635
91 72
738 45
682 119
982 15
524 695
89 145
42 488
444 49
670 38
147 781
18 295
359 207
522 725
261 284
675 592
386 544
56 907
940 182
734 925
390 941
224 555
116 549
265 263
498 797
233 899
121 856
929 117
606 605
844 525
39 722
608 730
968 774
163 581
901 421
99 334
853 344
725 851
362 198
223 816
818 661
414 538
704 47
272 216
269 882
92 377
202 410
623 821
234 360
254 567
90 605
70 929
719 691
544 967
134 248
135 777
740 835
910 728
863 30
447 543
341 653
745 959
858 772
95 350
236 908
905 130
255 824
35 619
288 354
662 262
545 342
35 811
694 218
403 978
105 775
597 581
179 111
490 854
619 702
504 389
185 901
308 444
1 326
879 906
306 727
215 170
725 430
284 770
743 152
878 114
161 336
868 863
513 248
583 538
821 910
44 187
545 72
443 180
980 848
43 508
609 584
701 484
632 613
970 318
983 764
572 37
553 359
321 330
945 972
455 419
757 891
669 854
21 444
586 493
464 986
646 633
934 90
211 604
304 295
634 805
217 837
173 266
717 821
317 750
952 898
363 320
263 962