1000
716 715
8 647
14 968
309 257
793 706
335 358
941 842
162 67
74 183
97 575
337 584
750 326
913 124
569 570
762 318
742 489
710 137
857 70
813 122
294 231
809 268
652 690
363 349
538 439
87 503
954 744
202 651
806 357
507 469
196 455
92 227
750 712
830 732
23 365
506 760
723 862
633 968
697 971
962 878
503 840
512 440
717 809
935 870
322 307
354 906
643 353
956 435
46 363
313 487
686 821
957 637
348 426
147 674
323 927
217 199
576 964
688 778
877 138
415 592
707 126
948 854
248 613
580 696
262 359
158 796
545 73
149 976
600 256
452 519
257 182
550 682
158 167
905 730
185 660
381 971
72 801
685 89
269 272
218 199
877 250
332 459
215 539
672 644
318 808
5 311
322 531
44 657
502 214
207 693
734 457
383 132
228 487
979 544
522 961
638 498
356 690
230 551
33 284
104 573
238 146
551 237
442 330
382 428
469 585
492 834
863 899
510 870
347 327
195 867
700 356
257 424
171 510
73 185
555 612
544 862
755 408
102 239
990 549
745 107
214 718
222 829
366 852
905 343
154 960
541 951
264 575
575 297
620 210
448 494
144 101
485 907
444 362
387 493
905 855
504 938
114 78
230 546
545 710
313 989
107 466
419 305
850 510
979 822
848 339
268 392
524 745
89 268
121 904
996 493
356 532
971 647
861 686
413 676
195 206
108 147
479 212
824 893
297 83
617 164
90 498
518 567
675 941
220 635
196 525
737 763
132 104
407 43
111 557
756 633
288 388
760 356
263 453
780 334
658 70
910 938
286 427
133 343
35 198
319 869
817 975
441 715
181 648
864 678
670 309
297 460
56 257
207 139
171 64
59 924
127 146
593 458
122 845
725 101
778 921
232 348
634 984
422 994
672 620
683 104
789 778
50 39
646 64
168 830
390 614
572 929
934 360
978 555
439 18
475 856
218 925
484 834
311 497
375 927
438 965
826 534
343 804
895 386
846 521
836 965
784 308
130 687
210 292
662 858
57 864
374 818
567 706
674 265
13 696
869 132
493 757
433 59
539 733
782 603
396 824
186 340
92 431
224 968
907 872
71 655
420 116
548 701
830 527
291 2
271 173
527 916
602 291
914 795
745 968
397 258
358 577
129 754
265 120
260 908
14 776
309 959
676 496
678 11
32 821
125 482
483 428
470 885
475 851
495 164
996 177
376 82
934 858
102 89
226 799
78 397
767 470
186 973
301 582
921 775
820 225
741 597
947 693
430 156
378 783
110 614
383 233
119 681
601 968
450 152
214 671
935 566
97 95
589 841
368 366
563 941
705 378
467 726
611 96
65 566
490 53
4 187
97 616
91 731
460 58
814 806
577 39
324 295
977 851
642 452
68 427
798 62
216 600
655 153
738 258
526 506
171 696
551 688
514 559
154 881
713 112
831 751
99 954
693 619
99 536
741 439
559 548
59 91
926 103
220 206
784 675
159 187
747 119
134 777
939 60
960 748
31 693
177 82
216 339
809 39
711 937
179 537
856 547
763 984
845 370
422 691
832 827
289 817
769 497
118 32
407 800
711 537
497 47
663 497
577 546
360 459
842 221
503 764
677 926
220 830
396 647
608 170
725 575
30 449
485 850
794 37
739 101
727 374
503 144
930 68
429 460
968 189
496 608
222 884
179 523
91 312
703 25
656 188
365 960
280 355
925 394
107 27
114 313
687 184
852 517
61 158
749 406
10 750
770 865
908 152
563 652
924 505
794 185
395 12
42 410
974 115
851 539
56 982
899 448
768 550
333 958
137 656
172 775
898 925
910 472
693 236
952 60
606 79
69 530
768 815
11 40
939 953
883 863
91 963
87 444
247 811
935 16
38 152
62 747
647 116
864 639
519 586
821 915
967 880
709 365
738 261
208 837
333 203
108 997
593 657
85 766
900 152
496 486
769 105
990 491
289 663
455 305
571 507
196 72
448 665
34 815
833 354
132 563
38 129
341 328
852 880
428 67
150 617
391 176
661 0
243 21
147 462
332 108
561 169
953 684
449 126
444 160
524 40
528 657
757 251
902 328
676 403
591 853
991 814
751 186
933 324
318 57
291 430
400 108
529 658
666 218
468 737
910 853
102 661
584 939
186 404
567 779
470 828
803 888
549 87
198 894
486 943
939 13
683 563
659 880
71 63
47 334
930 956
482 829
625 976
806 670
809 143
650 642
972 37
852 219
755 933
378 708
920 246
365 271
259 128
173 842
56 922
232 272
83 131
75 554
112 603
714 43
395 644
16 248
927 663
273 956
765 88
746 740
341 682
550 447
669 120
423 86
530 725
28 478
961 503
727 992
708 475
575 449
235 35
932 350
20 632
650 143
404 338
536 130
733 397
884 557
946 123
797 836
141 769
805 282
609 874
164 505
449 754
974 877
740 45
283 215
642 413
704 208
70 178
761 86
628 487
649 519
192 689
345 553
518 701
170 939
48 159
694 670
12 740
340 456
153 221
101 421
772 882
227 664
579 487
703 364
797 795
709 444
281 900
252 357
522 883
188 202
260 697
933 417
900 2
861 312
535 911
781 149
783 985
915 149
563 335
435 567
554 506
204 573
32 201
876 804
492 64
666 347
739 179
536 646
203 684
985 747
843 663
636 571
583 196
636 589
934 292
527 920
750 947
453 742
822 69
679 249
730 898
590 976
498 902
518 341
548 76
525 209
121 534
384 508
805 919
190 606
97 149
240 634
330 110
767 636
208 520
3 389
393 831
946 131
51 209
8 742
385 323
184 419
920 240
498 767
817 731
65 867
783 589
907 795
635 620
338 742
554 128
5 187
477 820
454 953
948 680
606 184
867 606
78 949
838 826
91 879
802 86
308 746
654 71
287 534
514 851
740 650
805 905
565 2
652 156
802 836
798 884
81 712
486 779
220 480
292 923
868 454
398 666
197 487
652 659
76 853
738 195
445 607
536 865
995 247
796 941
735 455
225 433
498 353
940 168
733 485
719 172
865 641
382 169
753 323
182 480
995 85
293 994
259 611
70 19
347 315
479 623
802 966
753 597
350 976
413 269
938 252
153 300
604 474
397 926
657 647
931 231
755 225
706 369
605 704
650 190
167 231
766 163
528 600
207 941
519 115
689 801
600 863
253 261
566 730
165 386
889 90
408 958
479 582
385 389
133 601
234 275
748 487
703 735
738 46
20 562
250 637
554 612
858 776
757 306
565 621
882 477
682 123
954 820
799 290
969 738
11 867
106 610
369 157
424 758
447 104
426 975
850 390
717 126
333 518
350 827
714 377
173 776
332 284
139 634
872 396
179 51
244 171
987 962
508 101
729 356
121 604
961 590
897 596
163 857
103 70
442 528
645 362
329 4
574 82
205 701
512 763
62 554
900 341
979 634
49 453
352 890
286 954
559 57
806 819
949 462
17 250
10 125
48 655
47 928
118 552
618 875
347 570
104 7
636 416
773 678
910 665
700 190
890 925
772 295
81 688
645 730
966 169
534 661
79 108
814 139
979 108
157 18
763 731
224 206
980 171
114 712
942 971
408 36
916 177
995 470
236 409
154 138
746 31
109 243
20 305
702 83
121 455
453 34
744 79
998 261
233 278
92 428
495 296
874 36
349 62
54 819
789 96
933 131
675 748
966 793
489 240
355 11
602 535
953 356
706 583
892 444
985 910
867 42
908 470
101 759
127 232
635 559
171 177
472 443
426 803
171 851
672 50
277 167
283 9
903 858
616 963
424 384
107 439
997 493
472 955
66 267
230 784
710 854
830 910
276 900
412 266
212 479
789 500
879 793
428 619
164 402
952 387
241 622
751 882
999 291
833 933
471 846
621 98
29 223
574 175
477 233
981 32
4 813
380 566
118 825
948 776
608 33
229 531
386 496
686 370
194 243
168 682
780 383
695 595
871 928
542 600
115 792
303 336
153 895
849 253
801 213
433 711
129 458
910 605
977 39
390 987
573 852
255 790
917 662
969 947
25 355
655 909
268 890
232 397
326 459
885 157
614 746
322 80
472 424
860 887
390 434
192 626
844 552
590 379
876 355
781 850
17 365
129 844
282 281
466 200
323 956
739 871
130 925
942 803
225 906
768 687
790 171
596 831
73 134
251 824
539 544
280 204
58 2
452 548
597 387
171 535
532 913
521 913
689 915
439 880
530 333
298 764
308 796
229 741
881 667
264 771
720 722
215 568
621 380
154 100
469 502
185 316
519 997
500 328
885 417
345 314
547 934
589 522
990 875
209 548
239 561
273 712
538 467
830 486
56 296
537 93
250 9
126 104
795 626
972 835
144 9
223 302
168 366
379 806
352 47
143 858
866 30
388 644
990 66
633 66
394 449
442 862
510 917
56 143
429 425
82 717
893 389
607 184
86 589
249 49
790 49
917 508
451 202
131 749
428 298
567 642
865 345
508 327
895 587
681 237
345 529
65 404
609 239
469 744
658 769
281 126
302 734
351 218
242 73
668 828
472 99
636 103
572 604
575 609
143 826
555 124
607 552
537 326
440 146
124 593