412
510 885
776 855
25 816
989 343
39 872
503 369
716 980
341 136
858 929
591 585
197 545
505 527
529 893
941 154
399 127
457 486
100 990
915 147
866 105
773 63
725 651
788 460
687 795
355 560
426 382
903 10
653 927
477 832
176 850
521 637
766 953
535 392
38 916
852 575
53 132
325 829
427 858
374 303
286 446
462 25
191 712
27 600
706 916
185 399
491 582
823 445
515 548
62 212
357 636
655 61
134 326
588 636
769 190
604 760
952 302
338 726
129 643
740 769
964 788
47 451
123 181
168 570
402 755
558 365
604 243
618 901
759 522
574 885
97 402
661 215
136 906
524 237
704 689
381 956
161 544
21 21
909 950
223 366
279 792
504 7
935 212
456 326
839 491
39 968
274 960
72 498
596 364
937 904
893 736
868 801
67 932
273 762
112 427
859 185
606 5
833 959
856 445
993 432
864 803
753 697
196 371
987 882
10 262
631 457
192 931
558 997
174 208
353 210
460 202
3 1000
876 89
734 432
223 356
293 442
408 2
553 2
497 843
268 98
682 232
4 43
819 768
41 357
113 224
156 167
657 598
18 453
204 500
579 535
206 33
752 463
456 293
720 748
911 981
255 20
67 207
230 103
285 438
308 49
969 707
799 506
488 919
328 283
721 861
333 78
731 780
805 302
6 506
83 955
476 657
516 55
979 194
614 865
284 572
578 515
332 630
358 768
714 970
556 393
775 571
400 365
991 195
707 930
295 208
72 437
534 895
25 222
304 24
249 88
650 670
47 609
754 242
854 418
63 352
258 838
52 980
339 884
799 231
56 712
192 66
543 162
71 859
197 809
328 502
697 85
251 682
618 695
676 965
659 467
101 319
144 955
261 695
827 478
420 868
507 607
36 613
240 501
287 860
885 10
756 521
85 743
863 0
609 520
602 728
240 366
421 414
562 273
398 430
489 963
599 191
337 847
702 451
67 596
576 302
796 85
619 928
934 702
736 290
746 84
26 688
939 655
323 633
417 268
772 752
694 405
570 873
756 911
412 207
375 972
443 460
251 775
417 569
18 396
410 264
818 77
872 713
988 906
589 361
382 449
819 176
711 615
921 861
354 216
239 0
890 474
291 276
924 862
676 132
750 835
498 116
534 48
296 256
943 503
557 22
487 461
15 642
277 251
50 636
51 991
805 883
543 654
420 574
597 872
154 949
432 786
320 334
260 948
205 869
827 287
296 242
101 393
136 527
894 471
629 814
478 892
139 770
342 879
382 21
33 807
201 391
969 757
465 64
7 516
360 118
119 577
170 3
91 524
277 376
840 72
147 19
304 488
82 802
529 179
44 537
766 527
708 693
340 553
94 232
667 530
476 572
308 588
90 536
705 4
81 298
694 632
53 465
308 862
624 991
776 311
831 256
65 978
612 55
899 237
927 67
57 983
755 885
415 709
941 657
58 310
848 704
128 396
170 231
813 337
368 908
305 568
412 514
88 719
69 22
196 917
114 600
906 30
184 781
298 110
528 590
944 514
794 993
989 912
285 859
128 732
521 187
607 101
238 393
786 341
504 601
806 167
122 837
297 964
92 28
16 136
82 737
49 987
386 483
673 823
416 124
442 280
669 718
576 118
374 639
959 664
867 828
806 144
172 931
960 220
917 923
629 209
100 539
332 498
28 123
581 174
818 10
526 256
992 153
707 807
514 111
982 216
545 116
935 814
831 833
72 417
573 717
253 483
205 681
845 861
612 3
85 108
710 444
668 200
318 69
867 647
351 740
531 469
895 983
464 15
521 131
157 263
661 937
256 214
183 1
633 448
651 353
934 970
802 760
724 602
936 351
85 880
320 127
636 732
348 692
447 851
612 393
760 893
417 837
323 793