431
802 773
801 301
140 128
963 43
210 452
253 432
736 409
249 300
154 584
157 729
584 406
797 34
74 66
755 562
976 948
769 744
988 504
844 240
977 504
275 995
979 37
459 267
916 1000
490 492
440 280
149 64
221 80
544 593
761 600
981 213
134 48
340 534
859 205
153 79
187 468
308 776
908 246
456 921
326 928
556 298
45 649
109 423
826 985
581 400
978 188
990 437
168 81
557 698
864 944
926 272
440 796
407 848
311 395
305 172
584 252
540 227
122 617
188 172
823 939
753 865
854 777
602 562
459 751
396 969
454 434
831 259
669 736
393 33
503 66
976 88
447 907
524 98
271 583
806 589
153 51
768 324
477 534
481 28
69 587
222 262
903 251
848 846
958 879
76 738
349 744
282 425
9 276
771 473
500 922
700 858
596 490
67 375
964 1
496 799
456 735
264 812
272 771
373 310
605 989
893 709
467 619
543 605
939 852
312 443
761 836
225 951
229 930
480 948
606 508
423 148
985 446
257 521
174 514
970 942
502 697
722 72
365 957
691 313
711 956
558 58
319 441
233 685
764 828
565 591
296 85
901 555
456 195
529 930
532 697
49 967
375 225
585 471
452 597
998 789
952 264
228 471
751 85
634 610
37 858
422 440
715 665
465 392
171 952
997 118
349 73
514 406
38 953
638 194
173 359
383 178
370 635
317 916
732 75
588 67
797 982
315 564
28 251
769 353
886 663
957 67
476 783
561 970
226 748
10 202
749 285
10 867
259 278
276 349
322 316
761 259
896 740
720 96
596 802
356 475
333 190
395 412
756 64
544 373
855 671
37 66
215 966
115 232
816 599
978 759
512 206
659 216
246 590
990 590
594 742
264 607
295 711
239 959
921 764
879 93
372 671
179 127
228 397
949 444
360 296
987 574
812 66
342 28
58 269
144 272
316 375
451 856
478 553
722 514
838 716
294 234
540 384
523 313
804 85
950 395
967 731
609 367
754 367
644 68
15 293
470 437
925 352
347 650
654 392
422 15
896 819
115 352
743 586
902 997
211 69
851 942
759 679
423 77
614 459
615 674
467 925
969 516
684 365
21 448
840 649
339 757
298 994
60 21
811 325
575 323
949 155
379 933
524 268
588 271
928 190
814 870
369 92
256 462
830 972
957 271
972 409
782 675
693 454
271 465
238 962
200 450
518 449
321 569
323 102
105 181
604 93
444 131
212 648
217 852
732 287
418 780
21 815
704 719
358 338
835 650
70 289
196 276
585 475
590 562
392 327
730 66
501 243
743 521
457 981
159 659
433 880
249 543
668 127
854 217
774 108
867 574
485 936
827 776
721 785
131 928
343 955
854 100
5 950
953 133
579 975
143 902
813 733
425 526
711 465
480 798
26 600
738 19
986 544
731 25
310 907
304 366
738 558
301 50
620 831
591 279
420 388
795 939
200 659
582 166
864 657
222 677
998 895
323 91
822 22
696 700
480 429
85 546
344 141
443 358
651 823
570 322
185 242
367 646
544 440
89 134
80 543
190 186
970 279
3 625
281 560
506 669
934 231
349 206
103 977
477 135
870 987
392 289
195 925
906 937
691 701
221 434
988 170
102 980
603 844
222 240
460 972
128 471
764 407
170 324
457 655
97 501
380 301
61 929
938 964
409 233
505 835
336 877
226 99
68 806
519 95
168 902
621 628
467 579
346 280
675 617
995 698
971 350
421 984
782 599
130 521
780 675
536 961
892 169
224 564
478 709
581 731
689 255
205 151
799 773
627 954
918 334
378 231
780 778
968 847
573 964
681 9
514 924
24 404
134 374
503 231
440 62
800 216
421 714
470 490
796 93
209 827
714 554
112 885
172 103
452 148
572 488
72 412
424 324
720 493
422 656
141 157
626 818
493 554
970 389
527 39
501 194
345 682
648 45
237 102
40 311
560 612
832 805
955 238
749 380
606 606
170 295
403 8