100
90
214 184
105 198
151 201
173 179
282 214
273 220
192 241
257 132
151 212
80 170
186 273
234 213
108 198
263 221
285 205
140 223
164 244
157 260
157 214
136 130
136 212
229 239
249 116
186 197
103 190
218 229
167 202
193 184
173 160
237 181
240 198
112 104
222 226
211 226
178 168
323 168
179 121
232 239
288 302
171 183
237 247
181 196
179 251
169 322
262 221
220 288
277 221
275 233
141 208
155 216
189 126
153 170
202 138
196 223
193 199
120 148
148 249
149 138
132 250
269 237
171 89
127 153
192 194
179 273
203 203
225 172
171 210
346 181
200 200
268 206
260 257
215 124
243 204
196 211
171 157
209 141
246 279
186 212
121 165
289 240
70 135
141 152
225 222
156 232
269 234
219 245
246 89
194 115
251 268
200 204